zh
dev data size is 8000
=====0=====
Bleu_1: 0.57810
Bleu_2: 0.50413
Bleu_3: 0.43333
Bleu_4: 0.37306
METEOR: 0.29237
ROUGE_L: 0.55282
=====1=====
Bleu_1: 0.59445
Bleu_2: 0.51855
Bleu_3: 0.44572
Bleu_4: 0.38401
METEOR: 0.30002
ROUGE_L: 0.56250
=====2=====
Bleu_1: 0.58478
Bleu_2: 0.51359
Bleu_3: 0.44401
Bleu_4: 0.38479
METEOR: 0.29904
ROUGE_L: 0.56613