kr
dev data size is 964
=====0=====
Bleu_1: 0.30476
Bleu_2: 0.19530
Bleu_3: 0.13406
Bleu_4: 0.09632
=====1=====
Bleu_1: 0.30708
Bleu_2: 0.20313
Bleu_3: 0.14118
Bleu_4: 0.10127
=====2=====
Bleu_1: 0.30598
Bleu_2: 0.19693
Bleu_3: 0.13277
Bleu_4: 0.09129