en
dev data size is 2067
=====0=====
Bleu_1: 0.61252
Bleu_2: 0.39430
Bleu_3: 0.26744
Bleu_4: 0.18660
METEOR: 0.19633
ROUGE_L: 0.46932
=====1=====
Bleu_1: 0.62504
Bleu_2: 0.40731
Bleu_3: 0.28057
Bleu_4: 0.19916
METEOR: 0.20131
ROUGE_L: 0.47426
=====2=====
Bleu_1: 0.62080
Bleu_2: 0.40453
Bleu_3: 0.27983
Bleu_4: 0.19904
METEOR: 0.20363
ROUGE_L: 0.47483
=====3=====
Bleu_1: 0.62178
Bleu_2: 0.40378
Bleu_3: 0.27659
Bleu_4: 0.19433
METEOR: 0.20542
ROUGE_L: 0.47629